

--- Probability Table for Node u = 0 (0,0,0,0) ---
Incoming Neighbor b      | P(1,1)| P(1,2)| P(2,2)| P(1,3)| P(2,3)| P(3,3)| P(1,4)| P(2,4)| P(3,4)| P(4,4)
-------------------------+---------+---------+---------+---------+---------+---------+---------+---------+---------+---------
9 (0,1,0,0)              | 0.42857| 0.18367| 0.18367| 0.07872| 0.07872| 0.07872| 0.03374| 0.03374| 0.03374| 0.03374
18 (0,2,0,0)             | 0.42857| 0.18367| 0.18367| 0.07872| 0.07872| 0.07872| 0.03374| 0.03374| 0.03374| 0.03374
27 (1,0,0,0)             | 0.42857| 0.18367| 0.18367| 0.07872| 0.07872| 0.07872| 0.03374| 0.03374| 0.03374| 0.03374
54 (2,0,0,0)             | 0.42857| 0.18367| 0.18367| 0.07872| 0.07872| 0.07872| 0.03374| 0.03374| 0.03374| 0.03374


--- Probability Table for Node u = 1 (0,0,0,1) ---
Incoming Neighbor b      | P(1,1)| P(1,2)| P(2,2)| P(1,3)| P(2,3)| P(3,3)| P(1,4)| P(2,4)| P(3,4)| P(4,4)
-------------------------+---------+---------+---------+---------+---------+---------+---------+---------+---------+---------
10 (0,1,0,1)             | 0.42857| 0.18367| 0.18367| 0.07872| 0.07872| 0.07872| 0.03374| 0.03374| 0.03374| 0.03374
19 (0,2,0,1)             | 0.42857| 0.18367| 0.18367| 0.07872| 0.07872| 0.07872| 0.03374| 0.03374| 0.03374| 0.03374
28 (1,0,0,1)             | 0.42857| 0.18367| 0.18367| 0.07872| 0.07872| 0.07872| 0.03374| 0.03374| 0.03374| 0.03374
55 (2,0,0,1)             | 0.42857| 0.18367| 0.18367| 0.07872| 0.07872| 0.07872| 0.03374| 0.03374| 0.03374| 0.03374


--- Probability Table for Node u = 2 (0,0,0,2) ---
Incoming Neighbor b      | P(1,1)| P(1,2)| P(2,2)| P(1,3)| P(2,3)| P(3,3)| P(1,4)| P(2,4)| P(3,4)| P(4,4)
-------------------------+---------+---------+---------+---------+---------+---------+---------+---------+---------+---------
11 (0,1,0,2)             | 0.42857| 0.18367| 0.18367| 0.07872| 0.07872| 0.07872| 0.03374| 0.03374| 0.03374| 0.03374
20 (0,2,0,2)             | 0.42857| 0.18367| 0.18367| 0.07872| 0.07872| 0.07872| 0.03374| 0.03374| 0.03374| 0.03374
29 (1,0,0,2)             | 0.42857| 0.18367| 0.18367| 0.07872| 0.07872| 0.07872| 0.03374| 0.03374| 0.03374| 0.03374
56 (2,0,0,2)             | 0.42857| 0.18367| 0.18367| 0.07872| 0.07872| 0.07872| 0.03374| 0.03374| 0.03374| 0.03374


--- Probability Table for Node u = 3 (0,0,1,0) ---
Incoming Neighbor b      | P(1,1)| P(1,2)| P(2,2)| P(1,3)| P(2,3)| P(3,3)| P(1,4)| P(2,4)| P(3,4)| P(4,4)
-------------------------+---------+---------+---------+---------+---------+---------+---------+---------+---------+---------
12 (0,1,1,0)             | 0.42857| 0.18367| 0.18367| 0.07872| 0.07872| 0.07872| 0.03374| 0.03374| 0.03374| 0.03374
21 (0,2,1,0)             | 0.42857| 0.18367| 0.18367| 0.07872| 0.07872| 0.07872| 0.03374| 0.03374| 0.03374| 0.03374
30 (1,0,1,0)             | 0.42857| 0.18367| 0.18367| 0.07872| 0.07872| 0.07872| 0.03374| 0.03374| 0.03374| 0.03374
57 (2,0,1,0)             | 0.42857| 0.18367| 0.18367| 0.07872| 0.07872| 0.07872| 0.03374| 0.03374| 0.03374| 0.03374


--- Probability Table for Node u = 4 (0,0,1,1) ---
Incoming Neighbor b      | P(1,1)| P(1,2)| P(2,2)| P(1,3)| P(2,3)| P(3,3)| P(1,4)| P(2,4)| P(3,4)| P(4,4)
-------------------------+---------+---------+---------+---------+---------+---------+---------+---------+---------+---------
13 (0,1,1,1)             | 0.42857| 0.18367| 0.18367| 0.07872| 0.07872| 0.07872| 0.03374| 0.03374| 0.03374| 0.03374
22 (0,2,1,1)             | 0.42857| 0.18367| 0.18367| 0.07872| 0.07872| 0.07872| 0.03374| 0.03374| 0.03374| 0.03374
31 (1,0,1,1)             | 0.42857| 0.18367| 0.18367| 0.07872| 0.07872| 0.07872| 0.03374| 0.03374| 0.03374| 0.03374
58 (2,0,1,1)             | 0.42857| 0.18367| 0.18367| 0.07872| 0.07872| 0.07872| 0.03374| 0.03374| 0.03374| 0.03374


--- Probability Table for Node u = 5 (0,0,1,2) ---
Incoming Neighbor b      | P(1,1)| P(1,2)| P(2,2)| P(1,3)| P(2,3)| P(3,3)| P(1,4)| P(2,4)| P(3,4)| P(4,4)
-------------------------+---------+---------+---------+---------+---------+---------+---------+---------+---------+---------
14 (0,1,1,2)             | 0.42857| 0.18367| 0.18367| 0.07872| 0.07872| 0.07872| 0.03374| 0.03374| 0.03374| 0.03374
23 (0,2,1,2)             | 0.42857| 0.18367| 0.18367| 0.07872| 0.07872| 0.07872| 0.03374| 0.03374| 0.03374| 0.03374
32 (1,0,1,2)             | 0.42857| 0.18367| 0.18367| 0.07872| 0.07872| 0.07872| 0.03374| 0.03374| 0.03374| 0.03374
59 (2,0,1,2)             | 0.42857| 0.18367| 0.18367| 0.07872| 0.07872| 0.07872| 0.03374| 0.03374| 0.03374| 0.03374


--- Probability Table for Node u = 6 (0,0,2,0) ---
Incoming Neighbor b      | P(1,1)| P(1,2)| P(2,2)| P(1,3)| P(2,3)| P(3,3)| P(1,4)| P(2,4)| P(3,4)| P(4,4)
-------------------------+---------+---------+---------+---------+---------+---------+---------+---------+---------+---------
15 (0,1,2,0)             | 0.42857| 0.18367| 0.18367| 0.07872| 0.07872| 0.07872| 0.03374| 0.03374| 0.03374| 0.03374
24 (0,2,2,0)             | 0.42857| 0.18367| 0.18367| 0.07872| 0.07872| 0.07872| 0.03374| 0.03374| 0.03374| 0.03374
33 (1,0,2,0)             | 0.42857| 0.18367| 0.18367| 0.07872| 0.07872| 0.07872| 0.03374| 0.03374| 0.03374| 0.03374
60 (2,0,2,0)             | 0.42857| 0.18367| 0.18367| 0.07872| 0.07872| 0.07872| 0.03374| 0.03374| 0.03374| 0.03374


--- Probability Table for Node u = 7 (0,0,2,1) ---
Incoming Neighbor b      | P(1,1)| P(1,2)| P(2,2)| P(1,3)| P(2,3)| P(3,3)| P(1,4)| P(2,4)| P(3,4)| P(4,4)
-------------------------+---------+---------+---------+---------+---------+---------+---------+---------+---------+---------
16 (0,1,2,1)             | 0.42857| 0.18367| 0.18367| 0.07872| 0.07872| 0.07872| 0.03374| 0.03374| 0.03374| 0.03374
25 (0,2,2,1)             | 0.42857| 0.18367| 0.18367| 0.07872| 0.07872| 0.07872| 0.03374| 0.03374| 0.03374| 0.03374
34 (1,0,2,1)             | 0.42857| 0.18367| 0.18367| 0.07872| 0.07872| 0.07872| 0.03374| 0.03374| 0.03374| 0.03374
61 (2,0,2,1)             | 0.42857| 0.18367| 0.18367| 0.07872| 0.07872| 0.07872| 0.03374| 0.03374| 0.03374| 0.03374


--- Probability Table for Node u = 8 (0,0,2,2) ---
Incoming Neighbor b      | P(1,1)| P(1,2)| P(2,2)| P(1,3)| P(2,3)| P(3,3)| P(1,4)| P(2,4)| P(3,4)| P(4,4)
-------------------------+---------+---------+---------+---------+---------+---------+---------+---------+---------+---------
17 (0,1,2,2)             | 0.42857| 0.18367| 0.18367| 0.07872| 0.07872| 0.07872| 0.03374| 0.03374| 0.03374| 0.03374
26 (0,2,2,2)             | 0.42857| 0.18367| 0.18367| 0.07872| 0.07872| 0.07872| 0.03374| 0.03374| 0.03374| 0.03374
35 (1,0,2,2)             | 0.42857| 0.18367| 0.18367| 0.07872| 0.07872| 0.07872| 0.03374| 0.03374| 0.03374| 0.03374
62 (2,0,2,2)             | 0.42857| 0.18367| 0.18367| 0.07872| 0.07872| 0.07872| 0.03374| 0.03374| 0.03374| 0.03374


--- Probability Table for Node u = 9 (0,1,0,0) ---
Incoming Neighbor b      | P(1,1)| P(1,2)| P(2,2)| P(1,3)| P(2,3)| P(3,3)| P(1,4)| P(2,4)| P(3,4)| P(4,4)
-------------------------+---------+---------+---------+---------+---------+---------+---------+---------+---------+---------
18 (0,2,0,0)             | 0.42857| 0.18367| 0.18367| 0.07872| 0.07872| 0.07872| 0.03374| 0.03374| 0.03374| 0.03374
0 (0,0,0,0)              | 0.42857| 0.18367| 0.18367| 0.07872| 0.07872| 0.07872| 0.03374| 0.03374| 0.03374| 0.03374
36 (1,1,0,0)             | 0.42857| 0.18367| 0.18367| 0.07872| 0.07872| 0.07872| 0.03374| 0.03374| 0.03374| 0.03374
63 (2,1,0,0)             | 0.42857| 0.18367| 0.18367| 0.07872| 0.07872| 0.07872| 0.03374| 0.03374| 0.03374| 0.03374


--- Probability Table for Node u = 10 (0,1,0,1) ---
Incoming Neighbor b      | P(1,1)| P(1,2)| P(2,2)| P(1,3)| P(2,3)| P(3,3)| P(1,4)| P(2,4)| P(3,4)| P(4,4)
-------------------------+---------+---------+---------+---------+---------+---------+---------+---------+---------+---------
19 (0,2,0,1)             | 0.42857| 0.18367| 0.18367| 0.07872| 0.07872| 0.07872| 0.03374| 0.03374| 0.03374| 0.03374
1 (0,0,0,1)              | 0.42857| 0.18367| 0.18367| 0.07872| 0.07872| 0.07872| 0.03374| 0.03374| 0.03374| 0.03374
37 (1,1,0,1)             | 0.42857| 0.18367| 0.18367| 0.07872| 0.07872| 0.07872| 0.03374| 0.03374| 0.03374| 0.03374
64 (2,1,0,1)             | 0.42857| 0.18367| 0.18367| 0.07872| 0.07872| 0.07872| 0.03374| 0.03374| 0.03374| 0.03374


--- Probability Table for Node u = 11 (0,1,0,2) ---
Incoming Neighbor b      | P(1,1)| P(1,2)| P(2,2)| P(1,3)| P(2,3)| P(3,3)| P(1,4)| P(2,4)| P(3,4)| P(4,4)
-------------------------+---------+---------+---------+---------+---------+---------+---------+---------+---------+---------
20 (0,2,0,2)             | 0.42857| 0.18367| 0.18367| 0.07872| 0.07872| 0.07872| 0.03374| 0.03374| 0.03374| 0.03374
2 (0,0,0,2)              | 0.42857| 0.18367| 0.18367| 0.07872| 0.07872| 0.07872| 0.03374| 0.03374| 0.03374| 0.03374
38 (1,1,0,2)             | 0.42857| 0.18367| 0.18367| 0.07872| 0.07872| 0.07872| 0.03374| 0.03374| 0.03374| 0.03374
65 (2,1,0,2)             | 0.42857| 0.18367| 0.18367| 0.07872| 0.07872| 0.07872| 0.03374| 0.03374| 0.03374| 0.03374


--- Probability Table for Node u = 12 (0,1,1,0) ---
Incoming Neighbor b      | P(1,1)| P(1,2)| P(2,2)| P(1,3)| P(2,3)| P(3,3)| P(1,4)| P(2,4)| P(3,4)| P(4,4)
-------------------------+---------+---------+---------+---------+---------+---------+---------+---------+---------+---------
21 (0,2,1,0)             | 0.42857| 0.18367| 0.18367| 0.07872| 0.07872| 0.07872| 0.03374| 0.03374| 0.03374| 0.03374
3 (0,0,1,0)              | 0.42857| 0.18367| 0.18367| 0.07872| 0.07872| 0.07872| 0.03374| 0.03374| 0.03374| 0.03374
39 (1,1,1,0)             | 0.42857| 0.18367| 0.18367| 0.07872| 0.07872| 0.07872| 0.03374| 0.03374| 0.03374| 0.03374
66 (2,1,1,0)             | 0.42857| 0.18367| 0.18367| 0.07872| 0.07872| 0.07872| 0.03374| 0.03374| 0.03374| 0.03374


--- Probability Table for Node u = 13 (0,1,1,1) ---
Incoming Neighbor b      | P(1,1)| P(1,2)| P(2,2)| P(1,3)| P(2,3)| P(3,3)| P(1,4)| P(2,4)| P(3,4)| P(4,4)
-------------------------+---------+---------+---------+---------+---------+---------+---------+---------+---------+---------
22 (0,2,1,1)             | 0.42857| 0.18367| 0.18367| 0.07872| 0.07872| 0.07872| 0.03374| 0.03374| 0.03374| 0.03374
4 (0,0,1,1)              | 0.42857| 0.18367| 0.18367| 0.07872| 0.07872| 0.07872| 0.03374| 0.03374| 0.03374| 0.03374
40 (1,1,1,1)             | 0.42857| 0.18367| 0.18367| 0.07872| 0.07872| 0.07872| 0.03374| 0.03374| 0.03374| 0.03374
67 (2,1,1,1)             | 0.42857| 0.18367| 0.18367| 0.07872| 0.07872| 0.07872| 0.03374| 0.03374| 0.03374| 0.03374


--- Probability Table for Node u = 14 (0,1,1,2) ---
Incoming Neighbor b      | P(1,1)| P(1,2)| P(2,2)| P(1,3)| P(2,3)| P(3,3)| P(1,4)| P(2,4)| P(3,4)| P(4,4)
-------------------------+---------+---------+---------+---------+---------+---------+---------+---------+---------+---------
23 (0,2,1,2)             | 0.42857| 0.18367| 0.18367| 0.07872| 0.07872| 0.07872| 0.03374| 0.03374| 0.03374| 0.03374
5 (0,0,1,2)              | 0.42857| 0.18367| 0.18367| 0.07872| 0.07872| 0.07872| 0.03374| 0.03374| 0.03374| 0.03374
41 (1,1,1,2)             | 0.42857| 0.18367| 0.18367| 0.07872| 0.07872| 0.07872| 0.03374| 0.03374| 0.03374| 0.03374
68 (2,1,1,2)             | 0.42857| 0.18367| 0.18367| 0.07872| 0.07872| 0.07872| 0.03374| 0.03374| 0.03374| 0.03374


--- Probability Table for Node u = 15 (0,1,2,0) ---
Incoming Neighbor b      | P(1,1)| P(1,2)| P(2,2)| P(1,3)| P(2,3)| P(3,3)| P(1,4)| P(2,4)| P(3,4)| P(4,4)
-------------------------+---------+---------+---------+---------+---------+---------+---------+---------+---------+---------
24 (0,2,2,0)             | 0.42857| 0.18367| 0.18367| 0.07872| 0.07872| 0.07872| 0.03374| 0.03374| 0.03374| 0.03374
6 (0,0,2,0)              | 0.42857| 0.18367| 0.18367| 0.07872| 0.07872| 0.07872| 0.03374| 0.03374| 0.03374| 0.03374
42 (1,1,2,0)             | 0.42857| 0.18367| 0.18367| 0.07872| 0.07872| 0.07872| 0.03374| 0.03374| 0.03374| 0.03374
69 (2,1,2,0)             | 0.42857| 0.18367| 0.18367| 0.07872| 0.07872| 0.07872| 0.03374| 0.03374| 0.03374| 0.03374


--- Probability Table for Node u = 16 (0,1,2,1) ---
Incoming Neighbor b      | P(1,1)| P(1,2)| P(2,2)| P(1,3)| P(2,3)| P(3,3)| P(1,4)| P(2,4)| P(3,4)| P(4,4)
-------------------------+---------+---------+---------+---------+---------+---------+---------+---------+---------+---------
25 (0,2,2,1)             | 0.42857| 0.18367| 0.18367| 0.07872| 0.07872| 0.07872| 0.03374| 0.03374| 0.03374| 0.03374
7 (0,0,2,1)              | 0.42857| 0.18367| 0.18367| 0.07872| 0.07872| 0.07872| 0.03374| 0.03374| 0.03374| 0.03374
43 (1,1,2,1)             | 0.42857| 0.18367| 0.18367| 0.07872| 0.07872| 0.07872| 0.03374| 0.03374| 0.03374| 0.03374
70 (2,1,2,1)             | 0.42857| 0.18367| 0.18367| 0.07872| 0.07872| 0.07872| 0.03374| 0.03374| 0.03374| 0.03374


--- Probability Table for Node u = 17 (0,1,2,2) ---
Incoming Neighbor b      | P(1,1)| P(1,2)| P(2,2)| P(1,3)| P(2,3)| P(3,3)| P(1,4)| P(2,4)| P(3,4)| P(4,4)
-------------------------+---------+---------+---------+---------+---------+---------+---------+---------+---------+---------
26 (0,2,2,2)             | 0.42857| 0.18367| 0.18367| 0.07872| 0.07872| 0.07872| 0.03374| 0.03374| 0.03374| 0.03374
8 (0,0,2,2)              | 0.42857| 0.18367| 0.18367| 0.07872| 0.07872| 0.07872| 0.03374| 0.03374| 0.03374| 0.03374
44 (1,1,2,2)             | 0.42857| 0.18367| 0.18367| 0.07872| 0.07872| 0.07872| 0.03374| 0.03374| 0.03374| 0.03374
71 (2,1,2,2)             | 0.42857| 0.18367| 0.18367| 0.07872| 0.07872| 0.07872| 0.03374| 0.03374| 0.03374| 0.03374


--- Probability Table for Node u = 18 (0,2,0,0) ---
Incoming Neighbor b      | P(1,1)| P(1,2)| P(2,2)| P(1,3)| P(2,3)| P(3,3)| P(1,4)| P(2,4)| P(3,4)| P(4,4)
-------------------------+---------+---------+---------+---------+---------+---------+---------+---------+---------+---------
0 (0,0,0,0)              | 0.42857| 0.18367| 0.18367| 0.07872| 0.07872| 0.07872| 0.03374| 0.03374| 0.03374| 0.03374
9 (0,1,0,0)              | 0.42857| 0.18367| 0.18367| 0.07872| 0.07872| 0.07872| 0.03374| 0.03374| 0.03374| 0.03374
45 (1,2,0,0)             | 0.42857| 0.18367| 0.18367| 0.07872| 0.07872| 0.07872| 0.03374| 0.03374| 0.03374| 0.03374
72 (2,2,0,0)             | 0.42857| 0.18367| 0.18367| 0.07872| 0.07872| 0.07872| 0.03374| 0.03374| 0.03374| 0.03374


--- Probability Table for Node u = 19 (0,2,0,1) ---
Incoming Neighbor b      | P(1,1)| P(1,2)| P(2,2)| P(1,3)| P(2,3)| P(3,3)| P(1,4)| P(2,4)| P(3,4)| P(4,4)
-------------------------+---------+---------+---------+---------+---------+---------+---------+---------+---------+---------
1 (0,0,0,1)              | 0.42857| 0.18367| 0.18367| 0.07872| 0.07872| 0.07872| 0.03374| 0.03374| 0.03374| 0.03374
10 (0,1,0,1)             | 0.42857| 0.18367| 0.18367| 0.07872| 0.07872| 0.07872| 0.03374| 0.03374| 0.03374| 0.03374
46 (1,2,0,1)             | 0.42857| 0.18367| 0.18367| 0.07872| 0.07872| 0.07872| 0.03374| 0.03374| 0.03374| 0.03374
73 (2,2,0,1)             | 0.42857| 0.18367| 0.18367| 0.07872| 0.07872| 0.07872| 0.03374| 0.03374| 0.03374| 0.03374


--- Probability Table for Node u = 20 (0,2,0,2) ---
Incoming Neighbor b      | P(1,1)| P(1,2)| P(2,2)| P(1,3)| P(2,3)| P(3,3)| P(1,4)| P(2,4)| P(3,4)| P(4,4)
-------------------------+---------+---------+---------+---------+---------+---------+---------+---------+---------+---------
2 (0,0,0,2)              | 0.42857| 0.18367| 0.18367| 0.07872| 0.07872| 0.07872| 0.03374| 0.03374| 0.03374| 0.03374
11 (0,1,0,2)             | 0.42857| 0.18367| 0.18367| 0.07872| 0.07872| 0.07872| 0.03374| 0.03374| 0.03374| 0.03374
47 (1,2,0,2)             | 0.42857| 0.18367| 0.18367| 0.07872| 0.07872| 0.07872| 0.03374| 0.03374| 0.03374| 0.03374
74 (2,2,0,2)             | 0.42857| 0.18367| 0.18367| 0.07872| 0.07872| 0.07872| 0.03374| 0.03374| 0.03374| 0.03374


--- Probability Table for Node u = 21 (0,2,1,0) ---
Incoming Neighbor b      | P(1,1)| P(1,2)| P(2,2)| P(1,3)| P(2,3)| P(3,3)| P(1,4)| P(2,4)| P(3,4)| P(4,4)
-------------------------+---------+---------+---------+---------+---------+---------+---------+---------+---------+---------
3 (0,0,1,0)              | 0.42857| 0.18367| 0.18367| 0.07872| 0.07872| 0.07872| 0.03374| 0.03374| 0.03374| 0.03374
12 (0,1,1,0)             | 0.42857| 0.18367| 0.18367| 0.07872| 0.07872| 0.07872| 0.03374| 0.03374| 0.03374| 0.03374
48 (1,2,1,0)             | 0.42857| 0.18367| 0.18367| 0.07872| 0.07872| 0.07872| 0.03374| 0.03374| 0.03374| 0.03374
75 (2,2,1,0)             | 0.42857| 0.18367| 0.18367| 0.07872| 0.07872| 0.07872| 0.03374| 0.03374| 0.03374| 0.03374


--- Probability Table for Node u = 22 (0,2,1,1) ---
Incoming Neighbor b      | P(1,1)| P(1,2)| P(2,2)| P(1,3)| P(2,3)| P(3,3)| P(1,4)| P(2,4)| P(3,4)| P(4,4)
-------------------------+---------+---------+---------+---------+---------+---------+---------+---------+---------+---------
4 (0,0,1,1)              | 0.42857| 0.18367| 0.18367| 0.07872| 0.07872| 0.07872| 0.03374| 0.03374| 0.03374| 0.03374
13 (0,1,1,1)             | 0.42857| 0.18367| 0.18367| 0.07872| 0.07872| 0.07872| 0.03374| 0.03374| 0.03374| 0.03374
49 (1,2,1,1)             | 0.42857| 0.18367| 0.18367| 0.07872| 0.07872| 0.07872| 0.03374| 0.03374| 0.03374| 0.03374
76 (2,2,1,1)             | 0.42857| 0.18367| 0.18367| 0.07872| 0.07872| 0.07872| 0.03374| 0.03374| 0.03374| 0.03374


--- Probability Table for Node u = 23 (0,2,1,2) ---
Incoming Neighbor b      | P(1,1)| P(1,2)| P(2,2)| P(1,3)| P(2,3)| P(3,3)| P(1,4)| P(2,4)| P(3,4)| P(4,4)
-------------------------+---------+---------+---------+---------+---------+---------+---------+---------+---------+---------
5 (0,0,1,2)              | 0.42857| 0.18367| 0.18367| 0.07872| 0.07872| 0.07872| 0.03374| 0.03374| 0.03374| 0.03374
14 (0,1,1,2)             | 0.42857| 0.18367| 0.18367| 0.07872| 0.07872| 0.07872| 0.03374| 0.03374| 0.03374| 0.03374
50 (1,2,1,2)             | 0.42857| 0.18367| 0.18367| 0.07872| 0.07872| 0.07872| 0.03374| 0.03374| 0.03374| 0.03374
77 (2,2,1,2)             | 0.42857| 0.18367| 0.18367| 0.07872| 0.07872| 0.07872| 0.03374| 0.03374| 0.03374| 0.03374


--- Probability Table for Node u = 24 (0,2,2,0) ---
Incoming Neighbor b      | P(1,1)| P(1,2)| P(2,2)| P(1,3)| P(2,3)| P(3,3)| P(1,4)| P(2,4)| P(3,4)| P(4,4)
-------------------------+---------+---------+---------+---------+---------+---------+---------+---------+---------+---------
6 (0,0,2,0)              | 0.42857| 0.18367| 0.18367| 0.07872| 0.07872| 0.07872| 0.03374| 0.03374| 0.03374| 0.03374
15 (0,1,2,0)             | 0.42857| 0.18367| 0.18367| 0.07872| 0.07872| 0.07872| 0.03374| 0.03374| 0.03374| 0.03374
51 (1,2,2,0)             | 0.42857| 0.18367| 0.18367| 0.07872| 0.07872| 0.07872| 0.03374| 0.03374| 0.03374| 0.03374
78 (2,2,2,0)             | 0.42857| 0.18367| 0.18367| 0.07872| 0.07872| 0.07872| 0.03374| 0.03374| 0.03374| 0.03374


--- Probability Table for Node u = 25 (0,2,2,1) ---
Incoming Neighbor b      | P(1,1)| P(1,2)| P(2,2)| P(1,3)| P(2,3)| P(3,3)| P(1,4)| P(2,4)| P(3,4)| P(4,4)
-------------------------+---------+---------+---------+---------+---------+---------+---------+---------+---------+---------
7 (0,0,2,1)              | 0.42857| 0.18367| 0.18367| 0.07872| 0.07872| 0.07872| 0.03374| 0.03374| 0.03374| 0.03374
16 (0,1,2,1)             | 0.42857| 0.18367| 0.18367| 0.07872| 0.07872| 0.07872| 0.03374| 0.03374| 0.03374| 0.03374
52 (1,2,2,1)             | 0.42857| 0.18367| 0.18367| 0.07872| 0.07872| 0.07872| 0.03374| 0.03374| 0.03374| 0.03374
79 (2,2,2,1)             | 0.42857| 0.18367| 0.18367| 0.07872| 0.07872| 0.07872| 0.03374| 0.03374| 0.03374| 0.03374


--- Probability Table for Node u = 26 (0,2,2,2) ---
Incoming Neighbor b      | P(1,1)| P(1,2)| P(2,2)| P(1,3)| P(2,3)| P(3,3)| P(1,4)| P(2,4)| P(3,4)| P(4,4)
-------------------------+---------+---------+---------+---------+---------+---------+---------+---------+---------+---------
8 (0,0,2,2)              | 0.42857| 0.18367| 0.18367| 0.07872| 0.07872| 0.07872| 0.03374| 0.03374| 0.03374| 0.03374
17 (0,1,2,2)             | 0.42857| 0.18367| 0.18367| 0.07872| 0.07872| 0.07872| 0.03374| 0.03374| 0.03374| 0.03374
53 (1,2,2,2)             | 0.42857| 0.18367| 0.18367| 0.07872| 0.07872| 0.07872| 0.03374| 0.03374| 0.03374| 0.03374
80 (2,2,2,2)             | 0.42857| 0.18367| 0.18367| 0.07872| 0.07872| 0.07872| 0.03374| 0.03374| 0.03374| 0.03374


--- Probability Table for Node u = 27 (1,0,0,0) ---
Incoming Neighbor b      | P(1,1)| P(1,2)| P(2,2)| P(1,3)| P(2,3)| P(3,3)| P(1,4)| P(2,4)| P(3,4)| P(4,4)
-------------------------+---------+---------+---------+---------+---------+---------+---------+---------+---------+---------
30 (1,0,1,0)             | 0.42857| 0.18367| 0.18367| 0.07872| 0.07872| 0.07872| 0.03374| 0.03374| 0.03374| 0.03374
33 (1,0,2,0)             | 0.42857| 0.18367| 0.18367| 0.07872| 0.07872| 0.07872| 0.03374| 0.03374| 0.03374| 0.03374
54 (2,0,0,0)             | 0.42857| 0.18367| 0.18367| 0.07872| 0.07872| 0.07872| 0.03374| 0.03374| 0.03374| 0.03374
0 (0,0,0,0)              | 0.42857| 0.18367| 0.18367| 0.07872| 0.07872| 0.07872| 0.03374| 0.03374| 0.03374| 0.03374


--- Probability Table for Node u = 28 (1,0,0,1) ---
Incoming Neighbor b      | P(1,1)| P(1,2)| P(2,2)| P(1,3)| P(2,3)| P(3,3)| P(1,4)| P(2,4)| P(3,4)| P(4,4)
-------------------------+---------+---------+---------+---------+---------+---------+---------+---------+---------+---------
31 (1,0,1,1)             | 0.42857| 0.18367| 0.18367| 0.07872| 0.07872| 0.07872| 0.03374| 0.03374| 0.03374| 0.03374
34 (1,0,2,1)             | 0.42857| 0.18367| 0.18367| 0.07872| 0.07872| 0.07872| 0.03374| 0.03374| 0.03374| 0.03374
55 (2,0,0,1)             | 0.42857| 0.18367| 0.18367| 0.07872| 0.07872| 0.07872| 0.03374| 0.03374| 0.03374| 0.03374
1 (0,0,0,1)              | 0.42857| 0.18367| 0.18367| 0.07872| 0.07872| 0.07872| 0.03374| 0.03374| 0.03374| 0.03374


--- Probability Table for Node u = 29 (1,0,0,2) ---
Incoming Neighbor b      | P(1,1)| P(1,2)| P(2,2)| P(1,3)| P(2,3)| P(3,3)| P(1,4)| P(2,4)| P(3,4)| P(4,4)
-------------------------+---------+---------+---------+---------+---------+---------+---------+---------+---------+---------
32 (1,0,1,2)             | 0.42857| 0.18367| 0.18367| 0.07872| 0.07872| 0.07872| 0.03374| 0.03374| 0.03374| 0.03374
35 (1,0,2,2)             | 0.42857| 0.18367| 0.18367| 0.07872| 0.07872| 0.07872| 0.03374| 0.03374| 0.03374| 0.03374
56 (2,0,0,2)             | 0.42857| 0.18367| 0.18367| 0.07872| 0.07872| 0.07872| 0.03374| 0.03374| 0.03374| 0.03374
2 (0,0,0,2)              | 0.42857| 0.18367| 0.18367| 0.07872| 0.07872| 0.07872| 0.03374| 0.03374| 0.03374| 0.03374


--- Probability Table for Node u = 30 (1,0,1,0) ---
Incoming Neighbor b      | P(1,1)| P(1,2)| P(2,2)| P(1,3)| P(2,3)| P(3,3)| P(1,4)| P(2,4)| P(3,4)| P(4,4)
-------------------------+---------+---------+---------+---------+---------+---------+---------+---------+---------+---------
33 (1,0,2,0)             | 0.42857| 0.18367| 0.18367| 0.07872| 0.07872| 0.07872| 0.03374| 0.03374| 0.03374| 0.03374
27 (1,0,0,0)             | 0.42857| 0.18367| 0.18367| 0.07872| 0.07872| 0.07872| 0.03374| 0.03374| 0.03374| 0.03374
57 (2,0,1,0)             | 0.42857| 0.18367| 0.18367| 0.07872| 0.07872| 0.07872| 0.03374| 0.03374| 0.03374| 0.03374
3 (0,0,1,0)              | 0.42857| 0.18367| 0.18367| 0.07872| 0.07872| 0.07872| 0.03374| 0.03374| 0.03374| 0.03374


--- Probability Table for Node u = 31 (1,0,1,1) ---
Incoming Neighbor b      | P(1,1)| P(1,2)| P(2,2)| P(1,3)| P(2,3)| P(3,3)| P(1,4)| P(2,4)| P(3,4)| P(4,4)
-------------------------+---------+---------+---------+---------+---------+---------+---------+---------+---------+---------
34 (1,0,2,1)             | 0.42857| 0.18367| 0.18367| 0.07872| 0.07872| 0.07872| 0.03374| 0.03374| 0.03374| 0.03374
28 (1,0,0,1)             | 0.42857| 0.18367| 0.18367| 0.07872| 0.07872| 0.07872| 0.03374| 0.03374| 0.03374| 0.03374
58 (2,0,1,1)             | 0.42857| 0.18367| 0.18367| 0.07872| 0.07872| 0.07872| 0.03374| 0.03374| 0.03374| 0.03374
4 (0,0,1,1)              | 0.42857| 0.18367| 0.18367| 0.07872| 0.07872| 0.07872| 0.03374| 0.03374| 0.03374| 0.03374


--- Probability Table for Node u = 32 (1,0,1,2) ---
Incoming Neighbor b      | P(1,1)| P(1,2)| P(2,2)| P(1,3)| P(2,3)| P(3,3)| P(1,4)| P(2,4)| P(3,4)| P(4,4)
-------------------------+---------+---------+---------+---------+---------+---------+---------+---------+---------+---------
35 (1,0,2,2)             | 0.42857| 0.18367| 0.18367| 0.07872| 0.07872| 0.07872| 0.03374| 0.03374| 0.03374| 0.03374
29 (1,0,0,2)             | 0.42857| 0.18367| 0.18367| 0.07872| 0.07872| 0.07872| 0.03374| 0.03374| 0.03374| 0.03374
59 (2,0,1,2)             | 0.42857| 0.18367| 0.18367| 0.07872| 0.07872| 0.07872| 0.03374| 0.03374| 0.03374| 0.03374
5 (0,0,1,2)              | 0.42857| 0.18367| 0.18367| 0.07872| 0.07872| 0.07872| 0.03374| 0.03374| 0.03374| 0.03374


--- Probability Table for Node u = 33 (1,0,2,0) ---
Incoming Neighbor b      | P(1,1)| P(1,2)| P(2,2)| P(1,3)| P(2,3)| P(3,3)| P(1,4)| P(2,4)| P(3,4)| P(4,4)
-------------------------+---------+---------+---------+---------+---------+---------+---------+---------+---------+---------
27 (1,0,0,0)             | 0.42857| 0.18367| 0.18367| 0.07872| 0.07872| 0.07872| 0.03374| 0.03374| 0.03374| 0.03374
30 (1,0,1,0)             | 0.42857| 0.18367| 0.18367| 0.07872| 0.07872| 0.07872| 0.03374| 0.03374| 0.03374| 0.03374
60 (2,0,2,0)             | 0.42857| 0.18367| 0.18367| 0.07872| 0.07872| 0.07872| 0.03374| 0.03374| 0.03374| 0.03374
6 (0,0,2,0)              | 0.42857| 0.18367| 0.18367| 0.07872| 0.07872| 0.07872| 0.03374| 0.03374| 0.03374| 0.03374


--- Probability Table for Node u = 34 (1,0,2,1) ---
Incoming Neighbor b      | P(1,1)| P(1,2)| P(2,2)| P(1,3)| P(2,3)| P(3,3)| P(1,4)| P(2,4)| P(3,4)| P(4,4)
-------------------------+---------+---------+---------+---------+---------+---------+---------+---------+---------+---------
28 (1,0,0,1)             | 0.42857| 0.18367| 0.18367| 0.07872| 0.07872| 0.07872| 0.03374| 0.03374| 0.03374| 0.03374
31 (1,0,1,1)             | 0.42857| 0.18367| 0.18367| 0.07872| 0.07872| 0.07872| 0.03374| 0.03374| 0.03374| 0.03374
61 (2,0,2,1)             | 0.42857| 0.18367| 0.18367| 0.07872| 0.07872| 0.07872| 0.03374| 0.03374| 0.03374| 0.03374
7 (0,0,2,1)              | 0.42857| 0.18367| 0.18367| 0.07872| 0.07872| 0.07872| 0.03374| 0.03374| 0.03374| 0.03374


--- Probability Table for Node u = 35 (1,0,2,2) ---
Incoming Neighbor b      | P(1,1)| P(1,2)| P(2,2)| P(1,3)| P(2,3)| P(3,3)| P(1,4)| P(2,4)| P(3,4)| P(4,4)
-------------------------+---------+---------+---------+---------+---------+---------+---------+---------+---------+---------
29 (1,0,0,2)             | 0.42857| 0.18367| 0.18367| 0.07872| 0.07872| 0.07872| 0.03374| 0.03374| 0.03374| 0.03374
32 (1,0,1,2)             | 0.42857| 0.18367| 0.18367| 0.07872| 0.07872| 0.07872| 0.03374| 0.03374| 0.03374| 0.03374
62 (2,0,2,2)             | 0.42857| 0.18367| 0.18367| 0.07872| 0.07872| 0.07872| 0.03374| 0.03374| 0.03374| 0.03374
8 (0,0,2,2)              | 0.42857| 0.18367| 0.18367| 0.07872| 0.07872| 0.07872| 0.03374| 0.03374| 0.03374| 0.03374


--- Probability Table for Node u = 36 (1,1,0,0) ---
Incoming Neighbor b      | P(1,1)| P(1,2)| P(2,2)| P(1,3)| P(2,3)| P(3,3)| P(1,4)| P(2,4)| P(3,4)| P(4,4)
-------------------------+---------+---------+---------+---------+---------+---------+---------+---------+---------+---------
39 (1,1,1,0)             | 0.42857| 0.18367| 0.18367| 0.07872| 0.07872| 0.07872| 0.03374| 0.03374| 0.03374| 0.03374
42 (1,1,2,0)             | 0.42857| 0.18367| 0.18367| 0.07872| 0.07872| 0.07872| 0.03374| 0.03374| 0.03374| 0.03374
63 (2,1,0,0)             | 0.42857| 0.18367| 0.18367| 0.07872| 0.07872| 0.07872| 0.03374| 0.03374| 0.03374| 0.03374
9 (0,1,0,0)              | 0.42857| 0.18367| 0.18367| 0.07872| 0.07872| 0.07872| 0.03374| 0.03374| 0.03374| 0.03374


--- Probability Table for Node u = 37 (1,1,0,1) ---
Incoming Neighbor b      | P(1,1)| P(1,2)| P(2,2)| P(1,3)| P(2,3)| P(3,3)| P(1,4)| P(2,4)| P(3,4)| P(4,4)
-------------------------+---------+---------+---------+---------+---------+---------+---------+---------+---------+---------
40 (1,1,1,1)             | 0.42857| 0.18367| 0.18367| 0.07872| 0.07872| 0.07872| 0.03374| 0.03374| 0.03374| 0.03374
43 (1,1,2,1)             | 0.42857| 0.18367| 0.18367| 0.07872| 0.07872| 0.07872| 0.03374| 0.03374| 0.03374| 0.03374
64 (2,1,0,1)             | 0.42857| 0.18367| 0.18367| 0.07872| 0.07872| 0.07872| 0.03374| 0.03374| 0.03374| 0.03374
10 (0,1,0,1)             | 0.42857| 0.18367| 0.18367| 0.07872| 0.07872| 0.07872| 0.03374| 0.03374| 0.03374| 0.03374


--- Probability Table for Node u = 38 (1,1,0,2) ---
Incoming Neighbor b      | P(1,1)| P(1,2)| P(2,2)| P(1,3)| P(2,3)| P(3,3)| P(1,4)| P(2,4)| P(3,4)| P(4,4)
-------------------------+---------+---------+---------+---------+---------+---------+---------+---------+---------+---------
41 (1,1,1,2)             | 0.42857| 0.18367| 0.18367| 0.07872| 0.07872| 0.07872| 0.03374| 0.03374| 0.03374| 0.03374
44 (1,1,2,2)             | 0.42857| 0.18367| 0.18367| 0.07872| 0.07872| 0.07872| 0.03374| 0.03374| 0.03374| 0.03374
65 (2,1,0,2)             | 0.42857| 0.18367| 0.18367| 0.07872| 0.07872| 0.07872| 0.03374| 0.03374| 0.03374| 0.03374
11 (0,1,0,2)             | 0.42857| 0.18367| 0.18367| 0.07872| 0.07872| 0.07872| 0.03374| 0.03374| 0.03374| 0.03374


--- Probability Table for Node u = 39 (1,1,1,0) ---
Incoming Neighbor b      | P(1,1)| P(1,2)| P(2,2)| P(1,3)| P(2,3)| P(3,3)| P(1,4)| P(2,4)| P(3,4)| P(4,4)
-------------------------+---------+---------+---------+---------+---------+---------+---------+---------+---------+---------
42 (1,1,2,0)             | 0.42857| 0.18367| 0.18367| 0.07872| 0.07872| 0.07872| 0.03374| 0.03374| 0.03374| 0.03374
36 (1,1,0,0)             | 0.42857| 0.18367| 0.18367| 0.07872| 0.07872| 0.07872| 0.03374| 0.03374| 0.03374| 0.03374
66 (2,1,1,0)             | 0.42857| 0.18367| 0.18367| 0.07872| 0.07872| 0.07872| 0.03374| 0.03374| 0.03374| 0.03374
12 (0,1,1,0)             | 0.42857| 0.18367| 0.18367| 0.07872| 0.07872| 0.07872| 0.03374| 0.03374| 0.03374| 0.03374


--- Probability Table for Node u = 40 (1,1,1,1) ---
Incoming Neighbor b      | P(1,1)| P(1,2)| P(2,2)| P(1,3)| P(2,3)| P(3,3)| P(1,4)| P(2,4)| P(3,4)| P(4,4)
-------------------------+---------+---------+---------+---------+---------+---------+---------+---------+---------+---------
43 (1,1,2,1)             | 0.42857| 0.18367| 0.18367| 0.07872| 0.07872| 0.07872| 0.03374| 0.03374| 0.03374| 0.03374
37 (1,1,0,1)             | 0.42857| 0.18367| 0.18367| 0.07872| 0.07872| 0.07872| 0.03374| 0.03374| 0.03374| 0.03374
67 (2,1,1,1)             | 0.42857| 0.18367| 0.18367| 0.07872| 0.07872| 0.07872| 0.03374| 0.03374| 0.03374| 0.03374
13 (0,1,1,1)             | 0.42857| 0.18367| 0.18367| 0.07872| 0.07872| 0.07872| 0.03374| 0.03374| 0.03374| 0.03374


--- Probability Table for Node u = 41 (1,1,1,2) ---
Incoming Neighbor b      | P(1,1)| P(1,2)| P(2,2)| P(1,3)| P(2,3)| P(3,3)| P(1,4)| P(2,4)| P(3,4)| P(4,4)
-------------------------+---------+---------+---------+---------+---------+---------+---------+---------+---------+---------
44 (1,1,2,2)             | 0.42857| 0.18367| 0.18367| 0.07872| 0.07872| 0.07872| 0.03374| 0.03374| 0.03374| 0.03374
38 (1,1,0,2)             | 0.42857| 0.18367| 0.18367| 0.07872| 0.07872| 0.07872| 0.03374| 0.03374| 0.03374| 0.03374
68 (2,1,1,2)             | 0.42857| 0.18367| 0.18367| 0.07872| 0.07872| 0.07872| 0.03374| 0.03374| 0.03374| 0.03374
14 (0,1,1,2)             | 0.42857| 0.18367| 0.18367| 0.07872| 0.07872| 0.07872| 0.03374| 0.03374| 0.03374| 0.03374


--- Probability Table for Node u = 42 (1,1,2,0) ---
Incoming Neighbor b      | P(1,1)| P(1,2)| P(2,2)| P(1,3)| P(2,3)| P(3,3)| P(1,4)| P(2,4)| P(3,4)| P(4,4)
-------------------------+---------+---------+---------+---------+---------+---------+---------+---------+---------+---------
36 (1,1,0,0)             | 0.42857| 0.18367| 0.18367| 0.07872| 0.07872| 0.07872| 0.03374| 0.03374| 0.03374| 0.03374
39 (1,1,1,0)             | 0.42857| 0.18367| 0.18367| 0.07872| 0.07872| 0.07872| 0.03374| 0.03374| 0.03374| 0.03374
69 (2,1,2,0)             | 0.42857| 0.18367| 0.18367| 0.07872| 0.07872| 0.07872| 0.03374| 0.03374| 0.03374| 0.03374
15 (0,1,2,0)             | 0.42857| 0.18367| 0.18367| 0.07872| 0.07872| 0.07872| 0.03374| 0.03374| 0.03374| 0.03374


--- Probability Table for Node u = 43 (1,1,2,1) ---
Incoming Neighbor b      | P(1,1)| P(1,2)| P(2,2)| P(1,3)| P(2,3)| P(3,3)| P(1,4)| P(2,4)| P(3,4)| P(4,4)
-------------------------+---------+---------+---------+---------+---------+---------+---------+---------+---------+---------
37 (1,1,0,1)             | 0.42857| 0.18367| 0.18367| 0.07872| 0.07872| 0.07872| 0.03374| 0.03374| 0.03374| 0.03374
40 (1,1,1,1)             | 0.42857| 0.18367| 0.18367| 0.07872| 0.07872| 0.07872| 0.03374| 0.03374| 0.03374| 0.03374
70 (2,1,2,1)             | 0.42857| 0.18367| 0.18367| 0.07872| 0.07872| 0.07872| 0.03374| 0.03374| 0.03374| 0.03374
16 (0,1,2,1)             | 0.42857| 0.18367| 0.18367| 0.07872| 0.07872| 0.07872| 0.03374| 0.03374| 0.03374| 0.03374


--- Probability Table for Node u = 44 (1,1,2,2) ---
Incoming Neighbor b      | P(1,1)| P(1,2)| P(2,2)| P(1,3)| P(2,3)| P(3,3)| P(1,4)| P(2,4)| P(3,4)| P(4,4)
-------------------------+---------+---------+---------+---------+---------+---------+---------+---------+---------+---------
38 (1,1,0,2)             | 0.42857| 0.18367| 0.18367| 0.07872| 0.07872| 0.07872| 0.03374| 0.03374| 0.03374| 0.03374
41 (1,1,1,2)             | 0.42857| 0.18367| 0.18367| 0.07872| 0.07872| 0.07872| 0.03374| 0.03374| 0.03374| 0.03374
71 (2,1,2,2)             | 0.42857| 0.18367| 0.18367| 0.07872| 0.07872| 0.07872| 0.03374| 0.03374| 0.03374| 0.03374
17 (0,1,2,2)             | 0.42857| 0.18367| 0.18367| 0.07872| 0.07872| 0.07872| 0.03374| 0.03374| 0.03374| 0.03374


--- Probability Table for Node u = 45 (1,2,0,0) ---
Incoming Neighbor b      | P(1,1)| P(1,2)| P(2,2)| P(1,3)| P(2,3)| P(3,3)| P(1,4)| P(2,4)| P(3,4)| P(4,4)
-------------------------+---------+---------+---------+---------+---------+---------+---------+---------+---------+---------
48 (1,2,1,0)             | 0.42857| 0.18367| 0.18367| 0.07872| 0.07872| 0.07872| 0.03374| 0.03374| 0.03374| 0.03374
51 (1,2,2,0)             | 0.42857| 0.18367| 0.18367| 0.07872| 0.07872| 0.07872| 0.03374| 0.03374| 0.03374| 0.03374
72 (2,2,0,0)             | 0.42857| 0.18367| 0.18367| 0.07872| 0.07872| 0.07872| 0.03374| 0.03374| 0.03374| 0.03374
18 (0,2,0,0)             | 0.42857| 0.18367| 0.18367| 0.07872| 0.07872| 0.07872| 0.03374| 0.03374| 0.03374| 0.03374


--- Probability Table for Node u = 46 (1,2,0,1) ---
Incoming Neighbor b      | P(1,1)| P(1,2)| P(2,2)| P(1,3)| P(2,3)| P(3,3)| P(1,4)| P(2,4)| P(3,4)| P(4,4)
-------------------------+---------+---------+---------+---------+---------+---------+---------+---------+---------+---------
49 (1,2,1,1)             | 0.42857| 0.18367| 0.18367| 0.07872| 0.07872| 0.07872| 0.03374| 0.03374| 0.03374| 0.03374
52 (1,2,2,1)             | 0.42857| 0.18367| 0.18367| 0.07872| 0.07872| 0.07872| 0.03374| 0.03374| 0.03374| 0.03374
73 (2,2,0,1)             | 0.42857| 0.18367| 0.18367| 0.07872| 0.07872| 0.07872| 0.03374| 0.03374| 0.03374| 0.03374
19 (0,2,0,1)             | 0.42857| 0.18367| 0.18367| 0.07872| 0.07872| 0.07872| 0.03374| 0.03374| 0.03374| 0.03374


--- Probability Table for Node u = 47 (1,2,0,2) ---
Incoming Neighbor b      | P(1,1)| P(1,2)| P(2,2)| P(1,3)| P(2,3)| P(3,3)| P(1,4)| P(2,4)| P(3,4)| P(4,4)
-------------------------+---------+---------+---------+---------+---------+---------+---------+---------+---------+---------
50 (1,2,1,2)             | 0.42857| 0.18367| 0.18367| 0.07872| 0.07872| 0.07872| 0.03374| 0.03374| 0.03374| 0.03374
53 (1,2,2,2)             | 0.42857| 0.18367| 0.18367| 0.07872| 0.07872| 0.07872| 0.03374| 0.03374| 0.03374| 0.03374
74 (2,2,0,2)             | 0.42857| 0.18367| 0.18367| 0.07872| 0.07872| 0.07872| 0.03374| 0.03374| 0.03374| 0.03374
20 (0,2,0,2)             | 0.42857| 0.18367| 0.18367| 0.07872| 0.07872| 0.07872| 0.03374| 0.03374| 0.03374| 0.03374


--- Probability Table for Node u = 48 (1,2,1,0) ---
Incoming Neighbor b      | P(1,1)| P(1,2)| P(2,2)| P(1,3)| P(2,3)| P(3,3)| P(1,4)| P(2,4)| P(3,4)| P(4,4)
-------------------------+---------+---------+---------+---------+---------+---------+---------+---------+---------+---------
51 (1,2,2,0)             | 0.42857| 0.18367| 0.18367| 0.07872| 0.07872| 0.07872| 0.03374| 0.03374| 0.03374| 0.03374
45 (1,2,0,0)             | 0.42857| 0.18367| 0.18367| 0.07872| 0.07872| 0.07872| 0.03374| 0.03374| 0.03374| 0.03374
75 (2,2,1,0)             | 0.42857| 0.18367| 0.18367| 0.07872| 0.07872| 0.07872| 0.03374| 0.03374| 0.03374| 0.03374
21 (0,2,1,0)             | 0.42857| 0.18367| 0.18367| 0.07872| 0.07872| 0.07872| 0.03374| 0.03374| 0.03374| 0.03374


--- Probability Table for Node u = 49 (1,2,1,1) ---
Incoming Neighbor b      | P(1,1)| P(1,2)| P(2,2)| P(1,3)| P(2,3)| P(3,3)| P(1,4)| P(2,4)| P(3,4)| P(4,4)
-------------------------+---------+---------+---------+---------+---------+---------+---------+---------+---------+---------
52 (1,2,2,1)             | 0.42857| 0.18367| 0.18367| 0.07872| 0.07872| 0.07872| 0.03374| 0.03374| 0.03374| 0.03374
46 (1,2,0,1)             | 0.42857| 0.18367| 0.18367| 0.07872| 0.07872| 0.07872| 0.03374| 0.03374| 0.03374| 0.03374
76 (2,2,1,1)             | 0.42857| 0.18367| 0.18367| 0.07872| 0.07872| 0.07872| 0.03374| 0.03374| 0.03374| 0.03374
22 (0,2,1,1)             | 0.42857| 0.18367| 0.18367| 0.07872| 0.07872| 0.07872| 0.03374| 0.03374| 0.03374| 0.03374


--- Probability Table for Node u = 50 (1,2,1,2) ---
Incoming Neighbor b      | P(1,1)| P(1,2)| P(2,2)| P(1,3)| P(2,3)| P(3,3)| P(1,4)| P(2,4)| P(3,4)| P(4,4)
-------------------------+---------+---------+---------+---------+---------+---------+---------+---------+---------+---------
53 (1,2,2,2)             | 0.42857| 0.18367| 0.18367| 0.07872| 0.07872| 0.07872| 0.03374| 0.03374| 0.03374| 0.03374
47 (1,2,0,2)             | 0.42857| 0.18367| 0.18367| 0.07872| 0.07872| 0.07872| 0.03374| 0.03374| 0.03374| 0.03374
77 (2,2,1,2)             | 0.42857| 0.18367| 0.18367| 0.07872| 0.07872| 0.07872| 0.03374| 0.03374| 0.03374| 0.03374
23 (0,2,1,2)             | 0.42857| 0.18367| 0.18367| 0.07872| 0.07872| 0.07872| 0.03374| 0.03374| 0.03374| 0.03374


--- Probability Table for Node u = 51 (1,2,2,0) ---
Incoming Neighbor b      | P(1,1)| P(1,2)| P(2,2)| P(1,3)| P(2,3)| P(3,3)| P(1,4)| P(2,4)| P(3,4)| P(4,4)
-------------------------+---------+---------+---------+---------+---------+---------+---------+---------+---------+---------
45 (1,2,0,0)             | 0.42857| 0.18367| 0.18367| 0.07872| 0.07872| 0.07872| 0.03374| 0.03374| 0.03374| 0.03374
48 (1,2,1,0)             | 0.42857| 0.18367| 0.18367| 0.07872| 0.07872| 0.07872| 0.03374| 0.03374| 0.03374| 0.03374
78 (2,2,2,0)             | 0.42857| 0.18367| 0.18367| 0.07872| 0.07872| 0.07872| 0.03374| 0.03374| 0.03374| 0.03374
24 (0,2,2,0)             | 0.42857| 0.18367| 0.18367| 0.07872| 0.07872| 0.07872| 0.03374| 0.03374| 0.03374| 0.03374


--- Probability Table for Node u = 52 (1,2,2,1) ---
Incoming Neighbor b      | P(1,1)| P(1,2)| P(2,2)| P(1,3)| P(2,3)| P(3,3)| P(1,4)| P(2,4)| P(3,4)| P(4,4)
-------------------------+---------+---------+---------+---------+---------+---------+---------+---------+---------+---------
46 (1,2,0,1)             | 0.42857| 0.18367| 0.18367| 0.07872| 0.07872| 0.07872| 0.03374| 0.03374| 0.03374| 0.03374
49 (1,2,1,1)             | 0.42857| 0.18367| 0.18367| 0.07872| 0.07872| 0.07872| 0.03374| 0.03374| 0.03374| 0.03374
79 (2,2,2,1)             | 0.42857| 0.18367| 0.18367| 0.07872| 0.07872| 0.07872| 0.03374| 0.03374| 0.03374| 0.03374
25 (0,2,2,1)             | 0.42857| 0.18367| 0.18367| 0.07872| 0.07872| 0.07872| 0.03374| 0.03374| 0.03374| 0.03374


--- Probability Table for Node u = 53 (1,2,2,2) ---
Incoming Neighbor b      | P(1,1)| P(1,2)| P(2,2)| P(1,3)| P(2,3)| P(3,3)| P(1,4)| P(2,4)| P(3,4)| P(4,4)
-------------------------+---------+---------+---------+---------+---------+---------+---------+---------+---------+---------
47 (1,2,0,2)             | 0.42857| 0.18367| 0.18367| 0.07872| 0.07872| 0.07872| 0.03374| 0.03374| 0.03374| 0.03374
50 (1,2,1,2)             | 0.42857| 0.18367| 0.18367| 0.07872| 0.07872| 0.07872| 0.03374| 0.03374| 0.03374| 0.03374
80 (2,2,2,2)             | 0.42857| 0.18367| 0.18367| 0.07872| 0.07872| 0.07872| 0.03374| 0.03374| 0.03374| 0.03374
26 (0,2,2,2)             | 0.42857| 0.18367| 0.18367| 0.07872| 0.07872| 0.07872| 0.03374| 0.03374| 0.03374| 0.03374


--- Probability Table for Node u = 54 (2,0,0,0) ---
Incoming Neighbor b      | P(1,1)| P(1,2)| P(2,2)| P(1,3)| P(2,3)| P(3,3)| P(1,4)| P(2,4)| P(3,4)| P(4,4)
-------------------------+---------+---------+---------+---------+---------+---------+---------+---------+---------+---------
55 (2,0,0,1)             | 0.42857| 0.18367| 0.18367| 0.07872| 0.07872| 0.07872| 0.03374| 0.03374| 0.03374| 0.03374
56 (2,0,0,2)             | 0.42857| 0.18367| 0.18367| 0.07872| 0.07872| 0.07872| 0.03374| 0.03374| 0.03374| 0.03374
0 (0,0,0,0)              | 0.42857| 0.18367| 0.18367| 0.07872| 0.07872| 0.07872| 0.03374| 0.03374| 0.03374| 0.03374
27 (1,0,0,0)             | 0.42857| 0.18367| 0.18367| 0.07872| 0.07872| 0.07872| 0.03374| 0.03374| 0.03374| 0.03374


--- Probability Table for Node u = 55 (2,0,0,1) ---
Incoming Neighbor b      | P(1,1)| P(1,2)| P(2,2)| P(1,3)| P(2,3)| P(3,3)| P(1,4)| P(2,4)| P(3,4)| P(4,4)
-------------------------+---------+---------+---------+---------+---------+---------+---------+---------+---------+---------
56 (2,0,0,2)             | 0.42857| 0.18367| 0.18367| 0.07872| 0.07872| 0.07872| 0.03374| 0.03374| 0.03374| 0.03374
54 (2,0,0,0)             | 0.42857| 0.18367| 0.18367| 0.07872| 0.07872| 0.07872| 0.03374| 0.03374| 0.03374| 0.03374
1 (0,0,0,1)              | 0.42857| 0.18367| 0.18367| 0.07872| 0.07872| 0.07872| 0.03374| 0.03374| 0.03374| 0.03374
28 (1,0,0,1)             | 0.42857| 0.18367| 0.18367| 0.07872| 0.07872| 0.07872| 0.03374| 0.03374| 0.03374| 0.03374


--- Probability Table for Node u = 56 (2,0,0,2) ---
Incoming Neighbor b      | P(1,1)| P(1,2)| P(2,2)| P(1,3)| P(2,3)| P(3,3)| P(1,4)| P(2,4)| P(3,4)| P(4,4)
-------------------------+---------+---------+---------+---------+---------+---------+---------+---------+---------+---------
54 (2,0,0,0)             | 0.42857| 0.18367| 0.18367| 0.07872| 0.07872| 0.07872| 0.03374| 0.03374| 0.03374| 0.03374
55 (2,0,0,1)             | 0.42857| 0.18367| 0.18367| 0.07872| 0.07872| 0.07872| 0.03374| 0.03374| 0.03374| 0.03374
2 (0,0,0,2)              | 0.42857| 0.18367| 0.18367| 0.07872| 0.07872| 0.07872| 0.03374| 0.03374| 0.03374| 0.03374
29 (1,0,0,2)             | 0.42857| 0.18367| 0.18367| 0.07872| 0.07872| 0.07872| 0.03374| 0.03374| 0.03374| 0.03374


--- Probability Table for Node u = 57 (2,0,1,0) ---
Incoming Neighbor b      | P(1,1)| P(1,2)| P(2,2)| P(1,3)| P(2,3)| P(3,3)| P(1,4)| P(2,4)| P(3,4)| P(4,4)
-------------------------+---------+---------+---------+---------+---------+---------+---------+---------+---------+---------
58 (2,0,1,1)             | 0.42857| 0.18367| 0.18367| 0.07872| 0.07872| 0.07872| 0.03374| 0.03374| 0.03374| 0.03374
59 (2,0,1,2)             | 0.42857| 0.18367| 0.18367| 0.07872| 0.07872| 0.07872| 0.03374| 0.03374| 0.03374| 0.03374
3 (0,0,1,0)              | 0.42857| 0.18367| 0.18367| 0.07872| 0.07872| 0.07872| 0.03374| 0.03374| 0.03374| 0.03374
30 (1,0,1,0)             | 0.42857| 0.18367| 0.18367| 0.07872| 0.07872| 0.07872| 0.03374| 0.03374| 0.03374| 0.03374


--- Probability Table for Node u = 58 (2,0,1,1) ---
Incoming Neighbor b      | P(1,1)| P(1,2)| P(2,2)| P(1,3)| P(2,3)| P(3,3)| P(1,4)| P(2,4)| P(3,4)| P(4,4)
-------------------------+---------+---------+---------+---------+---------+---------+---------+---------+---------+---------
59 (2,0,1,2)             | 0.42857| 0.18367| 0.18367| 0.07872| 0.07872| 0.07872| 0.03374| 0.03374| 0.03374| 0.03374
57 (2,0,1,0)             | 0.42857| 0.18367| 0.18367| 0.07872| 0.07872| 0.07872| 0.03374| 0.03374| 0.03374| 0.03374
4 (0,0,1,1)              | 0.42857| 0.18367| 0.18367| 0.07872| 0.07872| 0.07872| 0.03374| 0.03374| 0.03374| 0.03374
31 (1,0,1,1)             | 0.42857| 0.18367| 0.18367| 0.07872| 0.07872| 0.07872| 0.03374| 0.03374| 0.03374| 0.03374


--- Probability Table for Node u = 59 (2,0,1,2) ---
Incoming Neighbor b      | P(1,1)| P(1,2)| P(2,2)| P(1,3)| P(2,3)| P(3,3)| P(1,4)| P(2,4)| P(3,4)| P(4,4)
-------------------------+---------+---------+---------+---------+---------+---------+---------+---------+---------+---------
57 (2,0,1,0)             | 0.42857| 0.18367| 0.18367| 0.07872| 0.07872| 0.07872| 0.03374| 0.03374| 0.03374| 0.03374
58 (2,0,1,1)             | 0.42857| 0.18367| 0.18367| 0.07872| 0.07872| 0.07872| 0.03374| 0.03374| 0.03374| 0.03374
5 (0,0,1,2)              | 0.42857| 0.18367| 0.18367| 0.07872| 0.07872| 0.07872| 0.03374| 0.03374| 0.03374| 0.03374
32 (1,0,1,2)             | 0.42857| 0.18367| 0.18367| 0.07872| 0.07872| 0.07872| 0.03374| 0.03374| 0.03374| 0.03374


--- Probability Table for Node u = 60 (2,0,2,0) ---
Incoming Neighbor b      | P(1,1)| P(1,2)| P(2,2)| P(1,3)| P(2,3)| P(3,3)| P(1,4)| P(2,4)| P(3,4)| P(4,4)
-------------------------+---------+---------+---------+---------+---------+---------+---------+---------+---------+---------
61 (2,0,2,1)             | 0.42857| 0.18367| 0.18367| 0.07872| 0.07872| 0.07872| 0.03374| 0.03374| 0.03374| 0.03374
62 (2,0,2,2)             | 0.42857| 0.18367| 0.18367| 0.07872| 0.07872| 0.07872| 0.03374| 0.03374| 0.03374| 0.03374
6 (0,0,2,0)              | 0.42857| 0.18367| 0.18367| 0.07872| 0.07872| 0.07872| 0.03374| 0.03374| 0.03374| 0.03374
33 (1,0,2,0)             | 0.42857| 0.18367| 0.18367| 0.07872| 0.07872| 0.07872| 0.03374| 0.03374| 0.03374| 0.03374


--- Probability Table for Node u = 61 (2,0,2,1) ---
Incoming Neighbor b      | P(1,1)| P(1,2)| P(2,2)| P(1,3)| P(2,3)| P(3,3)| P(1,4)| P(2,4)| P(3,4)| P(4,4)
-------------------------+---------+---------+---------+---------+---------+---------+---------+---------+---------+---------
62 (2,0,2,2)             | 0.42857| 0.18367| 0.18367| 0.07872| 0.07872| 0.07872| 0.03374| 0.03374| 0.03374| 0.03374
60 (2,0,2,0)             | 0.42857| 0.18367| 0.18367| 0.07872| 0.07872| 0.07872| 0.03374| 0.03374| 0.03374| 0.03374
7 (0,0,2,1)              | 0.42857| 0.18367| 0.18367| 0.07872| 0.07872| 0.07872| 0.03374| 0.03374| 0.03374| 0.03374
34 (1,0,2,1)             | 0.42857| 0.18367| 0.18367| 0.07872| 0.07872| 0.07872| 0.03374| 0.03374| 0.03374| 0.03374


--- Probability Table for Node u = 62 (2,0,2,2) ---
Incoming Neighbor b      | P(1,1)| P(1,2)| P(2,2)| P(1,3)| P(2,3)| P(3,3)| P(1,4)| P(2,4)| P(3,4)| P(4,4)
-------------------------+---------+---------+---------+---------+---------+---------+---------+---------+---------+---------
60 (2,0,2,0)             | 0.42857| 0.18367| 0.18367| 0.07872| 0.07872| 0.07872| 0.03374| 0.03374| 0.03374| 0.03374
61 (2,0,2,1)             | 0.42857| 0.18367| 0.18367| 0.07872| 0.07872| 0.07872| 0.03374| 0.03374| 0.03374| 0.03374
8 (0,0,2,2)              | 0.42857| 0.18367| 0.18367| 0.07872| 0.07872| 0.07872| 0.03374| 0.03374| 0.03374| 0.03374
35 (1,0,2,2)             | 0.42857| 0.18367| 0.18367| 0.07872| 0.07872| 0.07872| 0.03374| 0.03374| 0.03374| 0.03374


--- Probability Table for Node u = 63 (2,1,0,0) ---
Incoming Neighbor b      | P(1,1)| P(1,2)| P(2,2)| P(1,3)| P(2,3)| P(3,3)| P(1,4)| P(2,4)| P(3,4)| P(4,4)
-------------------------+---------+---------+---------+---------+---------+---------+---------+---------+---------+---------
64 (2,1,0,1)             | 0.42857| 0.18367| 0.18367| 0.07872| 0.07872| 0.07872| 0.03374| 0.03374| 0.03374| 0.03374
65 (2,1,0,2)             | 0.42857| 0.18367| 0.18367| 0.07872| 0.07872| 0.07872| 0.03374| 0.03374| 0.03374| 0.03374
9 (0,1,0,0)              | 0.42857| 0.18367| 0.18367| 0.07872| 0.07872| 0.07872| 0.03374| 0.03374| 0.03374| 0.03374
36 (1,1,0,0)             | 0.42857| 0.18367| 0.18367| 0.07872| 0.07872| 0.07872| 0.03374| 0.03374| 0.03374| 0.03374


--- Probability Table for Node u = 64 (2,1,0,1) ---
Incoming Neighbor b      | P(1,1)| P(1,2)| P(2,2)| P(1,3)| P(2,3)| P(3,3)| P(1,4)| P(2,4)| P(3,4)| P(4,4)
-------------------------+---------+---------+---------+---------+---------+---------+---------+---------+---------+---------
65 (2,1,0,2)             | 0.42857| 0.18367| 0.18367| 0.07872| 0.07872| 0.07872| 0.03374| 0.03374| 0.03374| 0.03374
63 (2,1,0,0)             | 0.42857| 0.18367| 0.18367| 0.07872| 0.07872| 0.07872| 0.03374| 0.03374| 0.03374| 0.03374
10 (0,1,0,1)             | 0.42857| 0.18367| 0.18367| 0.07872| 0.07872| 0.07872| 0.03374| 0.03374| 0.03374| 0.03374
37 (1,1,0,1)             | 0.42857| 0.18367| 0.18367| 0.07872| 0.07872| 0.07872| 0.03374| 0.03374| 0.03374| 0.03374


--- Probability Table for Node u = 65 (2,1,0,2) ---
Incoming Neighbor b      | P(1,1)| P(1,2)| P(2,2)| P(1,3)| P(2,3)| P(3,3)| P(1,4)| P(2,4)| P(3,4)| P(4,4)
-------------------------+---------+---------+---------+---------+---------+---------+---------+---------+---------+---------
63 (2,1,0,0)             | 0.42857| 0.18367| 0.18367| 0.07872| 0.07872| 0.07872| 0.03374| 0.03374| 0.03374| 0.03374
64 (2,1,0,1)             | 0.42857| 0.18367| 0.18367| 0.07872| 0.07872| 0.07872| 0.03374| 0.03374| 0.03374| 0.03374
11 (0,1,0,2)             | 0.42857| 0.18367| 0.18367| 0.07872| 0.07872| 0.07872| 0.03374| 0.03374| 0.03374| 0.03374
38 (1,1,0,2)             | 0.42857| 0.18367| 0.18367| 0.07872| 0.07872| 0.07872| 0.03374| 0.03374| 0.03374| 0.03374


--- Probability Table for Node u = 66 (2,1,1,0) ---
Incoming Neighbor b      | P(1,1)| P(1,2)| P(2,2)| P(1,3)| P(2,3)| P(3,3)| P(1,4)| P(2,4)| P(3,4)| P(4,4)
-------------------------+---------+---------+---------+---------+---------+---------+---------+---------+---------+---------
67 (2,1,1,1)             | 0.42857| 0.18367| 0.18367| 0.07872| 0.07872| 0.07872| 0.03374| 0.03374| 0.03374| 0.03374
68 (2,1,1,2)             | 0.42857| 0.18367| 0.18367| 0.07872| 0.07872| 0.07872| 0.03374| 0.03374| 0.03374| 0.03374
12 (0,1,1,0)             | 0.42857| 0.18367| 0.18367| 0.07872| 0.07872| 0.07872| 0.03374| 0.03374| 0.03374| 0.03374
39 (1,1,1,0)             | 0.42857| 0.18367| 0.18367| 0.07872| 0.07872| 0.07872| 0.03374| 0.03374| 0.03374| 0.03374


--- Probability Table for Node u = 67 (2,1,1,1) ---
Incoming Neighbor b      | P(1,1)| P(1,2)| P(2,2)| P(1,3)| P(2,3)| P(3,3)| P(1,4)| P(2,4)| P(3,4)| P(4,4)
-------------------------+---------+---------+---------+---------+---------+---------+---------+---------+---------+---------
68 (2,1,1,2)             | 0.42857| 0.18367| 0.18367| 0.07872| 0.07872| 0.07872| 0.03374| 0.03374| 0.03374| 0.03374
66 (2,1,1,0)             | 0.42857| 0.18367| 0.18367| 0.07872| 0.07872| 0.07872| 0.03374| 0.03374| 0.03374| 0.03374
13 (0,1,1,1)             | 0.42857| 0.18367| 0.18367| 0.07872| 0.07872| 0.07872| 0.03374| 0.03374| 0.03374| 0.03374
40 (1,1,1,1)             | 0.42857| 0.18367| 0.18367| 0.07872| 0.07872| 0.07872| 0.03374| 0.03374| 0.03374| 0.03374


--- Probability Table for Node u = 68 (2,1,1,2) ---
Incoming Neighbor b      | P(1,1)| P(1,2)| P(2,2)| P(1,3)| P(2,3)| P(3,3)| P(1,4)| P(2,4)| P(3,4)| P(4,4)
-------------------------+---------+---------+---------+---------+---------+---------+---------+---------+---------+---------
66 (2,1,1,0)             | 0.42857| 0.18367| 0.18367| 0.07872| 0.07872| 0.07872| 0.03374| 0.03374| 0.03374| 0.03374
67 (2,1,1,1)             | 0.42857| 0.18367| 0.18367| 0.07872| 0.07872| 0.07872| 0.03374| 0.03374| 0.03374| 0.03374
14 (0,1,1,2)             | 0.42857| 0.18367| 0.18367| 0.07872| 0.07872| 0.07872| 0.03374| 0.03374| 0.03374| 0.03374
41 (1,1,1,2)             | 0.42857| 0.18367| 0.18367| 0.07872| 0.07872| 0.07872| 0.03374| 0.03374| 0.03374| 0.03374


--- Probability Table for Node u = 69 (2,1,2,0) ---
Incoming Neighbor b      | P(1,1)| P(1,2)| P(2,2)| P(1,3)| P(2,3)| P(3,3)| P(1,4)| P(2,4)| P(3,4)| P(4,4)
-------------------------+---------+---------+---------+---------+---------+---------+---------+---------+---------+---------
70 (2,1,2,1)             | 0.42857| 0.18367| 0.18367| 0.07872| 0.07872| 0.07872| 0.03374| 0.03374| 0.03374| 0.03374
71 (2,1,2,2)             | 0.42857| 0.18367| 0.18367| 0.07872| 0.07872| 0.07872| 0.03374| 0.03374| 0.03374| 0.03374
15 (0,1,2,0)             | 0.42857| 0.18367| 0.18367| 0.07872| 0.07872| 0.07872| 0.03374| 0.03374| 0.03374| 0.03374
42 (1,1,2,0)             | 0.42857| 0.18367| 0.18367| 0.07872| 0.07872| 0.07872| 0.03374| 0.03374| 0.03374| 0.03374


--- Probability Table for Node u = 70 (2,1,2,1) ---
Incoming Neighbor b      | P(1,1)| P(1,2)| P(2,2)| P(1,3)| P(2,3)| P(3,3)| P(1,4)| P(2,4)| P(3,4)| P(4,4)
-------------------------+---------+---------+---------+---------+---------+---------+---------+---------+---------+---------
71 (2,1,2,2)             | 0.42857| 0.18367| 0.18367| 0.07872| 0.07872| 0.07872| 0.03374| 0.03374| 0.03374| 0.03374
69 (2,1,2,0)             | 0.42857| 0.18367| 0.18367| 0.07872| 0.07872| 0.07872| 0.03374| 0.03374| 0.03374| 0.03374
16 (0,1,2,1)             | 0.42857| 0.18367| 0.18367| 0.07872| 0.07872| 0.07872| 0.03374| 0.03374| 0.03374| 0.03374
43 (1,1,2,1)             | 0.42857| 0.18367| 0.18367| 0.07872| 0.07872| 0.07872| 0.03374| 0.03374| 0.03374| 0.03374


--- Probability Table for Node u = 71 (2,1,2,2) ---
Incoming Neighbor b      | P(1,1)| P(1,2)| P(2,2)| P(1,3)| P(2,3)| P(3,3)| P(1,4)| P(2,4)| P(3,4)| P(4,4)
-------------------------+---------+---------+---------+---------+---------+---------+---------+---------+---------+---------
69 (2,1,2,0)             | 0.42857| 0.18367| 0.18367| 0.07872| 0.07872| 0.07872| 0.03374| 0.03374| 0.03374| 0.03374
70 (2,1,2,1)             | 0.42857| 0.18367| 0.18367| 0.07872| 0.07872| 0.07872| 0.03374| 0.03374| 0.03374| 0.03374
17 (0,1,2,2)             | 0.42857| 0.18367| 0.18367| 0.07872| 0.07872| 0.07872| 0.03374| 0.03374| 0.03374| 0.03374
44 (1,1,2,2)             | 0.42857| 0.18367| 0.18367| 0.07872| 0.07872| 0.07872| 0.03374| 0.03374| 0.03374| 0.03374


--- Probability Table for Node u = 72 (2,2,0,0) ---
Incoming Neighbor b      | P(1,1)| P(1,2)| P(2,2)| P(1,3)| P(2,3)| P(3,3)| P(1,4)| P(2,4)| P(3,4)| P(4,4)
-------------------------+---------+---------+---------+---------+---------+---------+---------+---------+---------+---------
73 (2,2,0,1)             | 0.42857| 0.18367| 0.18367| 0.07872| 0.07872| 0.07872| 0.03374| 0.03374| 0.03374| 0.03374
74 (2,2,0,2)             | 0.42857| 0.18367| 0.18367| 0.07872| 0.07872| 0.07872| 0.03374| 0.03374| 0.03374| 0.03374
18 (0,2,0,0)             | 0.42857| 0.18367| 0.18367| 0.07872| 0.07872| 0.07872| 0.03374| 0.03374| 0.03374| 0.03374
45 (1,2,0,0)             | 0.42857| 0.18367| 0.18367| 0.07872| 0.07872| 0.07872| 0.03374| 0.03374| 0.03374| 0.03374


--- Probability Table for Node u = 73 (2,2,0,1) ---
Incoming Neighbor b      | P(1,1)| P(1,2)| P(2,2)| P(1,3)| P(2,3)| P(3,3)| P(1,4)| P(2,4)| P(3,4)| P(4,4)
-------------------------+---------+---------+---------+---------+---------+---------+---------+---------+---------+---------
74 (2,2,0,2)             | 0.42857| 0.18367| 0.18367| 0.07872| 0.07872| 0.07872| 0.03374| 0.03374| 0.03374| 0.03374
72 (2,2,0,0)             | 0.42857| 0.18367| 0.18367| 0.07872| 0.07872| 0.07872| 0.03374| 0.03374| 0.03374| 0.03374
19 (0,2,0,1)             | 0.42857| 0.18367| 0.18367| 0.07872| 0.07872| 0.07872| 0.03374| 0.03374| 0.03374| 0.03374
46 (1,2,0,1)             | 0.42857| 0.18367| 0.18367| 0.07872| 0.07872| 0.07872| 0.03374| 0.03374| 0.03374| 0.03374


--- Probability Table for Node u = 74 (2,2,0,2) ---
Incoming Neighbor b      | P(1,1)| P(1,2)| P(2,2)| P(1,3)| P(2,3)| P(3,3)| P(1,4)| P(2,4)| P(3,4)| P(4,4)
-------------------------+---------+---------+---------+---------+---------+---------+---------+---------+---------+---------
72 (2,2,0,0)             | 0.42857| 0.18367| 0.18367| 0.07872| 0.07872| 0.07872| 0.03374| 0.03374| 0.03374| 0.03374
73 (2,2,0,1)             | 0.42857| 0.18367| 0.18367| 0.07872| 0.07872| 0.07872| 0.03374| 0.03374| 0.03374| 0.03374
20 (0,2,0,2)             | 0.42857| 0.18367| 0.18367| 0.07872| 0.07872| 0.07872| 0.03374| 0.03374| 0.03374| 0.03374
47 (1,2,0,2)             | 0.42857| 0.18367| 0.18367| 0.07872| 0.07872| 0.07872| 0.03374| 0.03374| 0.03374| 0.03374


--- Probability Table for Node u = 75 (2,2,1,0) ---
Incoming Neighbor b      | P(1,1)| P(1,2)| P(2,2)| P(1,3)| P(2,3)| P(3,3)| P(1,4)| P(2,4)| P(3,4)| P(4,4)
-------------------------+---------+---------+---------+---------+---------+---------+---------+---------+---------+---------
76 (2,2,1,1)             | 0.42857| 0.18367| 0.18367| 0.07872| 0.07872| 0.07872| 0.03374| 0.03374| 0.03374| 0.03374
77 (2,2,1,2)             | 0.42857| 0.18367| 0.18367| 0.07872| 0.07872| 0.07872| 0.03374| 0.03374| 0.03374| 0.03374
21 (0,2,1,0)             | 0.42857| 0.18367| 0.18367| 0.07872| 0.07872| 0.07872| 0.03374| 0.03374| 0.03374| 0.03374
48 (1,2,1,0)             | 0.42857| 0.18367| 0.18367| 0.07872| 0.07872| 0.07872| 0.03374| 0.03374| 0.03374| 0.03374


--- Probability Table for Node u = 76 (2,2,1,1) ---
Incoming Neighbor b      | P(1,1)| P(1,2)| P(2,2)| P(1,3)| P(2,3)| P(3,3)| P(1,4)| P(2,4)| P(3,4)| P(4,4)
-------------------------+---------+---------+---------+---------+---------+---------+---------+---------+---------+---------
77 (2,2,1,2)             | 0.42857| 0.18367| 0.18367| 0.07872| 0.07872| 0.07872| 0.03374| 0.03374| 0.03374| 0.03374
75 (2,2,1,0)             | 0.42857| 0.18367| 0.18367| 0.07872| 0.07872| 0.07872| 0.03374| 0.03374| 0.03374| 0.03374
22 (0,2,1,1)             | 0.42857| 0.18367| 0.18367| 0.07872| 0.07872| 0.07872| 0.03374| 0.03374| 0.03374| 0.03374
49 (1,2,1,1)             | 0.42857| 0.18367| 0.18367| 0.07872| 0.07872| 0.07872| 0.03374| 0.03374| 0.03374| 0.03374


--- Probability Table for Node u = 77 (2,2,1,2) ---
Incoming Neighbor b      | P(1,1)| P(1,2)| P(2,2)| P(1,3)| P(2,3)| P(3,3)| P(1,4)| P(2,4)| P(3,4)| P(4,4)
-------------------------+---------+---------+---------+---------+---------+---------+---------+---------+---------+---------
75 (2,2,1,0)             | 0.42857| 0.18367| 0.18367| 0.07872| 0.07872| 0.07872| 0.03374| 0.03374| 0.03374| 0.03374
76 (2,2,1,1)             | 0.42857| 0.18367| 0.18367| 0.07872| 0.07872| 0.07872| 0.03374| 0.03374| 0.03374| 0.03374
23 (0,2,1,2)             | 0.42857| 0.18367| 0.18367| 0.07872| 0.07872| 0.07872| 0.03374| 0.03374| 0.03374| 0.03374
50 (1,2,1,2)             | 0.42857| 0.18367| 0.18367| 0.07872| 0.07872| 0.07872| 0.03374| 0.03374| 0.03374| 0.03374


--- Probability Table for Node u = 78 (2,2,2,0) ---
Incoming Neighbor b      | P(1,1)| P(1,2)| P(2,2)| P(1,3)| P(2,3)| P(3,3)| P(1,4)| P(2,4)| P(3,4)| P(4,4)
-------------------------+---------+---------+---------+---------+---------+---------+---------+---------+---------+---------
79 (2,2,2,1)             | 0.42857| 0.18367| 0.18367| 0.07872| 0.07872| 0.07872| 0.03374| 0.03374| 0.03374| 0.03374
80 (2,2,2,2)             | 0.42857| 0.18367| 0.18367| 0.07872| 0.07872| 0.07872| 0.03374| 0.03374| 0.03374| 0.03374
24 (0,2,2,0)             | 0.42857| 0.18367| 0.18367| 0.07872| 0.07872| 0.07872| 0.03374| 0.03374| 0.03374| 0.03374
51 (1,2,2,0)             | 0.42857| 0.18367| 0.18367| 0.07872| 0.07872| 0.07872| 0.03374| 0.03374| 0.03374| 0.03374


--- Probability Table for Node u = 79 (2,2,2,1) ---
Incoming Neighbor b      | P(1,1)| P(1,2)| P(2,2)| P(1,3)| P(2,3)| P(3,3)| P(1,4)| P(2,4)| P(3,4)| P(4,4)
-------------------------+---------+---------+---------+---------+---------+---------+---------+---------+---------+---------
80 (2,2,2,2)             | 0.42857| 0.18367| 0.18367| 0.07872| 0.07872| 0.07872| 0.03374| 0.03374| 0.03374| 0.03374
78 (2,2,2,0)             | 0.42857| 0.18367| 0.18367| 0.07872| 0.07872| 0.07872| 0.03374| 0.03374| 0.03374| 0.03374
25 (0,2,2,1)             | 0.42857| 0.18367| 0.18367| 0.07872| 0.07872| 0.07872| 0.03374| 0.03374| 0.03374| 0.03374
52 (1,2,2,1)             | 0.42857| 0.18367| 0.18367| 0.07872| 0.07872| 0.07872| 0.03374| 0.03374| 0.03374| 0.03374


--- Probability Table for Node u = 80 (2,2,2,2) ---
Incoming Neighbor b      | P(1,1)| P(1,2)| P(2,2)| P(1,3)| P(2,3)| P(3,3)| P(1,4)| P(2,4)| P(3,4)| P(4,4)
-------------------------+---------+---------+---------+---------+---------+---------+---------+---------+---------+---------
78 (2,2,2,0)             | 0.42857| 0.18367| 0.18367| 0.07872| 0.07872| 0.07872| 0.03374| 0.03374| 0.03374| 0.03374
79 (2,2,2,1)             | 0.42857| 0.18367| 0.18367| 0.07872| 0.07872| 0.07872| 0.03374| 0.03374| 0.03374| 0.03374
26 (0,2,2,2)             | 0.42857| 0.18367| 0.18367| 0.07872| 0.07872| 0.07872| 0.03374| 0.03374| 0.03374| 0.03374
53 (1,2,2,2)             | 0.42857| 0.18367| 0.18367| 0.07872| 0.07872| 0.07872| 0.03374| 0.03374| 0.03374| 0.03374
